T							T	H2	N2	AA							
0	3790.511	3177.149	16125.961	10344.883	186174.928	6398.458	300	28	109	7							
4	15079.736	2442.317	19557.024	8793.672	100250.193	276.651	300	28	109	7							
8	8835.623	5025.184	18570.943	725095.959	9771256.75	28581.528	300	28	109	7							
12	9040.564	6440.786	16171.93	777163.725	11770859.19	44078.651	300	28	109	7							
16	8339.08	6559.953	14662.708	743247.707	10850344.65	58042.038	300	28	109	7							
20	10826.016	9721.151	21459.98	743555.926	12095551.04	48658.734	300	28	109	7							
24	9145.339	7601.338	15355.652	732505.355	10489900.49	43326.669	300	28	109	7							
28	8630.025	8464.664	13024.984	760000.29	14948920.37	66929.009	300	28	109	7							
32	9451.77	8466.327	15059.001	739682.678	11152448.2	46805.639	300	28	109	7							
36	8456.79	8369.406	12758.579	719290.271	13864902.97	66295.355	300	28	109	7							
40	10052.934	8933.795	16020.974	731994.348	10016420.01	35695.1	300	28	109	7							
44	8044.588	7270.898	12034.758	727692.685	10912268.39	45977.127	300	28	109	7							
48	7910.927	6942.486	11197.313	723593.567	11230368.8	54342.675	300	28	109	7							
52	7851.917	6998.489	11589.314	709667.209	10497217.83	49080.843	300	28	109	7							
56	9889.539	9413.787	13297.866	729755.55	10603541.82	43563.451	300	28	109	7							
60	7960.035	7348.687	11495.868	708355.726	11219680.2	79976.085	300	28	109	7							
64	8769.74	8110.418	12631.015	711949.727	10572634.94	42041.653	300	28	109	7							
68	8042.854	7541.98	11061.024	714221.45	11636412.75	56051.424	300	28	109	7							
72	7931.005	7481.575	11082.969	701106.664	10804244.62	46642.804	300	28	109	7							
76	7932.227	7192.279	10911.871	701454.824	10650697.25	53220.715	300	28	109	7							
80	9362.417	8701.037	12552.218	710054.228	11115024.56	50929.548	300	28	109	7							
84	16681.038	9881.058	15695.428	692350.133	10191234.13	46959.372	300	28	109	7							
88	8125.688	7786.216	11852.674	699542.614	10578545.05	46062.403	300	28	109	7							
92	8148.319	7848.408	12351.242	689899.163	10834139.09	47905.244	300	28	109	7							
96	8071.699	7932.581	11383.555	686600.131	11048019.63	51019.957	300	28	109	7							
100	7873.568	6991.785	11020.312	692450.819	10038502.58	43458.972	300	28	109	7							
104	8149.803	8218.155	11259.331	690268.169	11576971.06	67305.576	300	28	109	7							
108	10407.947	10388.016	18463.963	688868.603	10565453.25	46890.753	300	28	109	7							
112	8798.296	8940.166	11918.813	674549.261	10451839.05	59410.35	300	28	109	7							
116	8038.053	7631.117	11808.122	679664.981	10542402.62	46269.752	300	28	109	7							
120	8864.298	9470.746	12046.229	693521.875	12441767.25	68544.299	300	28	109	7							
124	8130.655	8327.95	11202.845	679319.725	11648337.89	56955.455	300	28	109	7							
128	8986.774	8634.293	13418.112	683293.55	10795541.78	51790.867	300	28	109	7							
132	7980.664	7632.293	11500.497	658947.524	10445517.26	47525.136	300	28	109	7							
136	11388.08	9957.502	13911.284	675866.037	11157934.49	54173.364	300	28	109	7							
140	7976.575	7701.947	11507.89	665404.915	10515522.05	50036.67	300	28	109	7							
144	8192.602	8220.139	11478.759	668624.434	11634895.29	57778.662	300	28	109	7							
148	8032.815	7859.275	11782.148	671634.434	10589840.49	59951.07	300	28	109	7							
152	8916.106	9018.015	13540.873	665783.194	10727768.24	55362.417	300	28	109	7							
156	7963.4	7975.3	11470.65	659970.35	10730983.96	80901.777	300	28	109	7							
160	24290.305	11724.208	17550.479	678425.345	11607836.95	56755.935	300	28	109	7							
164	8051.425	7860.325	11508.975	651986.267	10668056.46	68252.792	300	28	109	7							
168	21237.632	10034.343	19313.65	855391.925	11010967.48	48938.895	310	28	109	7							
172	12348.536	9311.43	17434.815	1004007.709	9957015.223	52247.411	310	28	109	7							
176	10915.622	8631.913	14407.279	1026524.552	10912607.35	44875.654	310	28	109	7							
180	11113.624	8954.758	14902.182	1032579.753	10933804.96	54017.493	310	28	109	7							
184	11107.95	8947.85	14743.7	1033389.583	10857291.91	46142.52	310	28	109	7							
188	15794.564	10747.16	19535.61	1043302.801	9716346.133	74541.935	310	28	109	7							
192	11101.978	8739.002	14927.075	1037515.366	10429244.11	42931.018	310	28	109	7							
196	10993.074	8206.576	14544.645	1044204.643	9939732.603	42003.574	310	28	109	7							
200	11362.063	9238.381	14871.932	1049171.55	11071667.57	56031.034	310	28	109	7							
204	11805.553	9148.657	14456.928	1055354.921	10524516.11	47446.693	310	28	109	7							
208	11314.5	9204.014	14658.423	1043728.861	10553653.93	66166.303	310	28	109	7							
212	12797.907	11091.991	18580.546	1047945.529	10711841.44	43335.066	310	28	109	7							
216	11434.276	9184.198	14968.276	1041210.875	10700439.45	63378.835	310	28	109	7							
220	12549.26	11150.897	17919.665	1040729.452	10719865.44	44783.653	310	28	109	7							
224	12700.409	10829.889	17003.383	1011925.399	10220676.56	51481.583	310	28	109	7							
228	13764.776	12250.718	17475.892	1024126.089	10352956.52	42028.315	310	28	109	7							
232	39322.644	11559.108	17440.951	1030660.725	10909158.02	56308.286	310	28	109	7							
236	12075.251	9283.271	17335.206	1014622.881	9667856.991	39832.767	310	28	109	7							
240	16517.579	10804.604	18304.029	1030566.242	11245121.78	50733.088	310	28	109	7							
244	11310.322	8342.926	13732.477	1014646.214	10419954.41	44897.914	310	28	109	7							
248	11748.98	8737.17	13088.97	1048937.65	11497188.78	53022.131	310	28	109	7							
252	11522.668	8712.012	13790.096	1016207.225	10746798.78	55710.88	310	28	109	7							
256	11710.789	8889.561	12990.852	1032792.839	11491818.45	55782.775	310	28	109	7							
260	11309.257	8164.637	13834.109	1009154.85	9819164.203	56423.475	310	28	109	7							
264	13928.351	11986.959	20984.434	1029665.113	10989769.85	49559.586	310	28	109	7							
268	11527.035	8872.912	13340.828	1012796.821	10778449.33	45622.1	310	28	109	7							
272	13979.765	12405.982	18474.143	1028932.934	11818150.23	57182.094	310	28	109	7							
276	11482.514	8566.163	13677.539	995794.404	10238670.37	47370.407	310	28	109	7							
280	11839.342	9297.296	13133.836	1012030.464	11777031.12	54618.347	310	28	109	7							
284	12157.949	9347.716	13531.448	1005648.75	10510555.13	46277	310	28	109	7							
288	11923.833	9505.89	13152.248	1007927.688	11512508.41	55191.48	310	28	109	7							
292	14071.753	11669.37	16842.843	999903.392	10498477.26	49860.957	310	28	109	7							
296	12235.181	9768.589	13405.158	1016816.963	12419092.89	69295.914	310	28	109	7							
300	12476.985	9954.762	15310.89	1015155.945	11082553.33	50502.271	310	28	109	7							
304	12218.469	9754.445	13037.436	1010025.11	12076705.46	66457.533	310	28	109	7							
308	14325.412	12746.278	18777.007	1010630.399	11205111.99	51068.541	310	28	109	7							
312	32209.325	9551.236	13270.857	1023355.451	11854754.65	2674.465	310	28	109	7							
316	16377.975	11357.004	17441.105	1009117.218	11636836.77	55788.838	310	28	109	7							
320	13783.32	11084.087	15595.965	1020334.475	11115214.53	60422.23	310	28	109	7							
324	11948.347	8883.065	13103.733	984003.435	10704797.28	49613.134	310	28	109	7							
328	23710.169	11631.588	17219.36	988448.072	10549365.68	65328.334	310	28	109	7							
332	12713.728	9519.278	13225.758	1006872.858	11336025.91	54144.64	310	28	109	7							
336	17491.732	9122.36	18990.565	1609065.065	9328738.568	34870.14	320	28	109	7							
340	15496.384	9461.453	15313.384	1383994.897	11384862.72	48578.9	320	28	109	7							
344	16352.579	8418.857	16048.551	1511145.205	9289190.264	35316.251	320	28	109	7							
348	16571.182	9536.86	16114.468	1522053.647	10962231.54	59625.939	320	28	109	7							
352	18021.537	11579.612	21055.515	1535867.221	9937996.853	37825.058	320	28	109	7							
356	16860.73	9823.624	16726.89	1548985.889	10680548.34	72644.551	320	28	109	7							
360	17222.459	9849.464	17627.099	1524412.231	10165506.49	37931.364	320	28	109	7							
364	18085.257	11087.51	18171.698	1524441.495	10252613.29	39904.426	320	28	109	7							
368	18179.439	10765.174	22773.943	1514321.59	9327128.332	35004.124	320	28	109	7							
372	17155.622	9707.852	16757.239	1540648.381	10564361.13	54616.408	320	28	109	7							
376	17501.455	10296.428	18857.096	1518764.519	9809917.994	37048.906	320	28	109	7							
380	19782.591	10575.578	19069.922	1537908.82	10613717.54	40503.729	320	28	109	7							
384	16535.517	8850.61	15826.173	1502973.621	9668879.412	36231.622	320	28	109	7							
388	22151.216	11972.87	20122.745	1523787.477	10143886.48	41941.867	320	28	109	7							
392	16688.93	8958.07	15880.608	1495310.752	9830265.562	9238.299	320	28	109	7							
396	19555.374	11898.073	17465.005	1551302.526	10766273.84	43296.48	320	28	109	7							
400	17167.155	9460.338	15851.21	1531621.788	10619068.47	53379.773	320	28	109	7							
404	17966.811	10818.089	19173.065	1509274.602	9950684.759	38571.467	320	28	109	7							
408	16847.784	8971.699	15899.742	1508964.567	9649943.936	33192.873	320	28	109	7							
412	17467.768	9821.074	15839.341	1533716.096	10678105.32	43051.706	320	28	109	7							
416	16983.627	9436.927	15478.946	1503849.205	9884396.1	42491.387	320	28	109	7							
420	17592.011	10487.159	16049.831	1533033.307	10558342.05	42569.134	320	28	109	7							
424	17647.541	10562.045	16819.452	1493245.036	9871128.572	37467.495	320	28	109	7							
428	17399.523	10847.452	16046.525	1521131.246	10713383	42258.131	320	28	109	7							
432	36797.498	12935.838	22289.448	1493495.935	9687671.685	36925.261	320	28	109	7							
436	17635.801	10777.065	15969.455	1512159.4	10575589.03	56241.101	320	28	109	7							
440	18332.591	10998.961	18160.13	1497551.595	9805629.301	40030.156	320	28	109	7							
444	17491.596	10719.037	15897.743	1484282.488	10104077.74	45866.882	320	28	109	7							
448	34925.25	14624.504	22294.639	1527252.733	10912760.3	44223.014	320	28	109	7							
452	17847.186	10766.87	15771.316	1506237.778	10629393.28	54039.959	320	28	109	7							
456	17455.453	10096.118	16372.642	1465997.489	9746228.644	39257.651	320	28	109	7							
460	18639.521	10972.017	16176.086	1498459.675	10742942.38	79790.139	320	28	109	7							
464	17447.27	9618.875	15381.903	1471341.324	9374780.135	37726.824	320	28	109	7							
468	18810.117	11233.833	17000.05	1505266	10566839.97	65383.488	320	28	109	7							
472	17718.511	10173.18	15434.784	1484069.864	9837958.582	38825.27	320	28	109	7							
476	19944.97	12853.779	20108.857	1508152.774	10845533.25	65567.735	320	28	109	7							
480	18117.12	10928.225	15591.355	1491762.087	10445894.93	41858.469	320	28	109	7							
484	18551.362	10862.074	15228.941	1507814.897	10795262.12	45767.415	320	28	109	7							
488	17957.893	10742.59	15738.923	1482751.95	10013603.44	47526.461	320	28	109	7							
492	18654.18	11509.97	15267.436	1516467.787	11191613.84	51341.027	320	28	109	7							
496	18072.419	10714.306	15526.12	1467879.201	9954990.804	59432.571	320	28	109	7							
500	30151.292	13312.858	21338.377	1975968.867	10720500.33	42038.365	330	28	109	7							
504	23003.674	11546.29	19109.203	2073787.03	9855677.846	30984.885	330	28	109	7							
508	26379.871	13911.692	21776.13	2274455.324	10611885.84	37154.284	330	28	109	7							
512	24884.871	12433.789	22037.091	2119029.623	8906886.672	37147.534	330	28	109	7							
516	41861.973	16840.808	25558.817	2370553.436	12873887.83	48865.75	330	28	109	7							
520	24659.247	11928.463	21085.64	2223369.347	9508789.082	31148.799	330	28	109	7							
524	24226.16	11395.85	20169.415	2213347.047	9090383.031	27326	330	28	109	7							
528	23926.718	10651.514	19592.127	2193939.564	8211520.531	25655.583	330	28	109	7							
532	23924.579	11395.574	19776.797	2187690.345	8865521.523	4349.382	330	28	109	7							
536	24687.408	11873.542	19418.034	2242507.549	9816039.235	32191.632	330	28	109	7							
540	24225.428	11319.949	20174.723	2195561.972	8758101.169	47862.34	330	28	109	7							
544	26366.336	14633.658	24357.771	2241637.29	9888531.185	35633.059	330	28	109	7							
548	24006.625	11289.444	19752.406	2179321.495	8514010.659	66380.505	330	28	109	7							
552	25113.699	12525.108	19724.639	2226841.7	9985711.142	34551.707	330	28	109	7							
556	25416.455	12653.303	20578.74	2183948.499	8976807.906	28208.917	330	28	109	7							
560	27486.468	15478.339	25563.483	2218732.614	9864042.832	33959.166	330	28	109	7							
564	25000.6	12279.95	20513.45	2149590.514	8889671.109	28405.09	330	28	109	7							
568	25550.609	12616.814	19665.198	2223734.573	10189327.65	36128.412	330	28	109	7							
572	25551.578	12408.592	20618.814	2136672.882	8921513.58	29332.255	330	28	109	7							
576	24711.848	11753.547	18661.991	2168045.856	9307404.171	34090.55	330	28	109	7							
580	27019.862	13531.395	22587.705	2167603.515	8959875.313	30850.62	330	28	109	7							
584	25475.729	12056.903	18845.718	2193906.675	10020218.9	68597.522	330	28	109	7							
588	25559.35	11849.384	19646.762	2196728.25	9316072.178	37362.881	330	28	109	7							
592	25062.338	11538.75	18133.44	2168894.823	9529144.964	50632.116	330	28	109	7							
596	27439.089	14729.501	25232.756	2176433.205	9047714.879	30055.17	330	28	109	7							
600	54545.561	13725.572	20241.407	2213362.477	9904130.141	35150.673	330	28	109	7							
604	25038.764	11388.961	18343.047	2149729.594	9061326.311	31200.358	330	28	109	7							
608	25976.689	12247.259	18452.947	2185330.285	9941120.205	37929.288	330	28	109	7							
612	25107.3	11474.7	18642.25	2146634.126	9040074.661	32072.571	330	28	109	7							
616	32998.143	14785.436	20888.803	2228373.502	10435542.29	86092.776	330	28	109	7							
620	25165.101	11733.549	18003.915	2133896.633	9049850.242	31642.629	330	28	109	7							
624	25707.209	11760.446	17966.336	2176781.613	9412862.015	38200.848	330	28	109	7							
628	25692.791	12089.299	18179.729	2165801.65	9386436.256	49334.444	330	28	109	7							
632	26808.541	12779.398	17957.886	2221241.536	10636477.22	39451.704	330	28	109	7							
636	25584.159	11949.938	18390.298	2150321.199	9087774.396	47855.731	330	28	109	7							
640	29006.739	16032.958	23178.495	2201959.004	10654068.34	52478.157	330	28	109	7							
644	25556.901	11705.55	17582.253	2142974.326	8906588.544	48340.311	330	28	109	7							
648	26081.05	12440.229	18165.099	2153791.592	9649100.722	36422.841	330	28	109	7							
652	27498.239	13990.06	20152.769	2166734.685	9247672.379	31963.023	330	28	109	7							
656	26577.112	12882.029	18239.303	2183572.424	9873675.788	34664.326	330	28	109	7							
660	27853.516	13836.561	21449.445	2138149.79	9296410.01	30844.985	330	28	109	7							
664	26863.833	12778.921	18382.025	2172659.713	9656354.397	34785.673	330	28	109	7							
668	38924.774	14937.08	28217.911	3234076.426	7977005.993	21038.494	340	28	109	7							
672	32462.091	13327.417	21808.179	2867594.354	8791134.956	26920.219	340	28	109	7							
676	34084.545	13279.915	23522.2	3074424.766	7900168.945	23913.983	340	28	109	7							
680	34968.431	13845.603	23689.861	3110802.366	8760884.819	27374.253	340	28	109	7							
684	34744.793	14277.707	25030.579	3103075.708	8495569.436	24203.986	340	28	109	7							
688	35325.653	14090.304	22931.333	3154004.675	8899936.177	39930.106	340	28	109	7							
692	34951.829	13627.347	22786.724	3117339.127	8608168.593	24895.75	340	28	109	7							
696	36987.759	15951.611	24565.356	3116783.804	8998125.132	32086.412	340	28	109	7							
700	36014.198	14758.258	23419.549	3183915.625	9307239.06	28742.247	340	28	109	7							
704	49516.809	15389.939	23801.14	3132556.558	9098157.606	29234.798	340	28	109	7							
708	35470.87	14164.745	23586.934	3118979.529	8622802.342	25212.712	340	28	109	7							
712	36165.431	15279.677	22956.658	3180789.756	9682075.806	31585.782	340	28	109	7							
716	34935.027	13993.407	23290.67	3079703.208	8143724.69	24612.25	340	28	109	7							
720	39294.025	18910.394	25574.449	3213060.623	10660302.48	34804.861	340	28	109	7							
724	35307.897	13909.894	22204.839	3089170.717	8552638.608	33355.644	340	28	109	7							
728	37633.808	15252.719	22998.61	3246505.188	9760702.491	29680.88	340	28	109	7							
732	36145.251	14680.709	24117.365	3096333.594	8268729.471	23599.953	340	28	109	7							
736	39679.518	19562.85	32105.909	3161998.293	8899781.985	26103.161	340	28	109	7							
740	49062.912	16232.157	24008.576	3135097.625	8649453.263	25471.096	340	28	109	7							
744	38955.735	17827.273	23650.097	3300480.55	11276128.66	36239.472	340	28	109	7							
748	37621.19	15168.806	23372.861	3078818.732	8776501.743	54008.604	340	28	109	7							
752	35880.17	14547.818	22561.894	3084453.876	8200907.822	23789.997	340	28	109	7							
756	38109.361	16033.202	24764.343	3085807.36	9003249.733	29229.678	340	28	109	7							
760	35955.962	14576.058	22913.631	3056996.677	8314459.345	27546.802	340	28	109	7							
764	36211.529	14119.888	22157.622	3065811.304	8060010.702	32278.833	340	28	109	7							
768	35665.9	14389.5	22554.1	3021638.813	8067703.492	42204.393	340	28	109	7							
772	38845.425	17892.798	26737.722	3096363.236	8911523.666	27713.214	340	28	109	7							
776	35802.344	14269.382	22464.256	3020361.095	7714963.974	27120.402	340	28	109	7							
780	36983.42	15279.213	22413.6	3077072.444	8672726.131	28398.996	340	28	109	7							
784	38058.241	16491.461	23697.466	3027433.419	8184563.509	26149.422	340	28	109	7							
788	37644.452	15792.324	22959.117	3091882.92	9089059.281	28921.347	340	28	109	7							
792	41125.114	14419.4	22082.165	2937260.54	7617220.254	22817.165	340	28	109	7							
796	38440.424	16429.143	22645.343	3137025.364	9457736.308	30349.428	340	28	109	7							
800	40736.415	16205.49	25343.573	3010078.952	7993375.179	24082.983	340	28	109	7							
804	38155.915	16059.836	23031.876	3078942.054	9323227.366	29413.628	340	28	109	7							
808	37632.027	15256.248	22172.851	3099430.373	8504231.378	29689.845	340	28	109	7							
812	37979.01	16184.378	22328.339	3055468.61	9141652.099	30744.282	340	28	109	7							
816	39115.215	18065.168	25144.789	3017872.492	8115014.033	24763.548	340	28	109	7							
820	37535.606	15553.426	22234.07	3014484.076	8564546.843	35984.277	340	28	109	7							
824	37587.233	15364.042	22353.378	3021969.953	8344883.123	25311.818	340	28	109	7							
828	39631.157	17448.922	23798.772	3033444.572	8822703.164	26893.673	340	28	109	7							
832	43055.461	16360.708	26187.47	3585592.483	7405717.183	20080.012	350	28	109	7							
836	46967.051	18421.511	27834.759	4042124.612	8407770.082	28753.103	350	28	109	7							
840	46887.223	16856.045	29430.732	4142154.627	6494354.796	14935.342	350	28	109	7							
844	48086.843	18344.054	29140.903	4139931.53	7725465.185	19881.551	350	28	109	7							
848	46273.531	16416.974	28372.208	4107505.253	6520383.733	14475.115	350	28	109	7							
852	50167.311	19160.326	29881.835	4345299.763	7893518.938	19115.022	350	28	109	7							
856	47636.954	17612.637	28817.068	4209768.232	6998561.145	21543.538	350	28	109	7							
860	49266.915	19270.829	30463.623	4177231.699	6899558.14	19678.607	350	28	109	7							
864	47491.662	17651.892	28681.804	4181024.458	6857024.592	29296.147	350	28	109	7							
868	48504.192	17908.308	29609.318	4177015.878	7168811.634	18218.73	350	28	109	7							
872	48301.252	18001.803	29042.949	4220892.427	6960761.986	14603.438	350	28	109	7							
876	49341.483	19678.964	30294.861	4237429.676	7295996.809	17148.508	350	28	109	7							
880	48965.89	18396.838	30047.935	4111744.258	6733787.895	18962.647	350	28	109	7							
884	50130.406	19254.114	28083.5	4309005.749	8597130.626	23855.297	350	28	109	7							
888	48937.992	19186.272	30529.755	4122909.302	6585313.947	15667.894	350	28	109	7							
892	50276.073	19453.408	28459.431	4295237.971	8411745.752	23786.283	350	28	109	7							
896	49641.394	18434.286	28337.361	4254195.034	7701371.418	27345.098	350	28	109	7							
900	49406.127	19315.169	28485.438	4203720.473	7870964.909	20787.355	350	28	109	7							
904	49232.667	18114.678	27899.254	4228962.168	7059296.496	18953.169	350	28	109	7							
908	50747.342	20185.675	28672.747	4286265.407	8403668.821	36838.078	350	28	109	7							
912	48444.013	17636.387	27654.41	4184541.04	6831479.534	15849.804	350	28	109	7							
916	50589.983	19868.428	28485.361	4250433.638	8344770.429	45894.476	350	28	109	7							
920	49042.614	18932.037	28810.103	4125306.819	6976155.726	17585.041	350	28	109	7							
924	49806.969	19341.081	28271.55	4173567.434	7669225.88	18985.466	350	28	109	7							
928	48940.34	18662.07	27942.275	4110507.247	7164678.949	17255.6	350	28	109	7							
932	53140.497	21760.415	31018.09	4246203.917	8813728.159	29910.895	350	28	109	7							
936	49506.388	18984.425	28150.773	4140428.643	6982742.773	17220.758	350	28	109	7							
940	57686.174	22144.968	29419.417	4295088.579	9048602.324	29221.131	350	28	109	7							
944	49925.374	19058.167	28280.231	4132503.655	7260451.883	18593.278	350	28	109	7							
948	53010.92	22044.102	30059.25	4236120.727	9021538.52	27723.443	350	28	109	7							
952	49685.354	19081.787	28258.595	4095247.41	7179116.367	17246.739	350	28	109	7							
956	55905.366	23250.234	28683.759	4454703.302	10333439.01	36501.331	350	28	109	7							
960	51797.016	20420.614	28491.893	4211814.591	7933589.291	21459.242	350	28	109	7							
964	53080.774	20825.038	28268.669	4289226.641	8491465.466	25699.72	350	28	109	7							
968	50994.632	20197.832	28194.504	4136229.942	7723261.148	16761.329	350	28	109	7							
972	56237.483	24089.659	29702.585	4450208.153	10059004.1	28263.41	350	28	109	7							
976	51740.945	20466.982	29264.699	4064029.456	7161482.404	16345.546	350	28	109	7							
980	55945.035	23830.431	29327.607	4376606.397	10254455.77	29769.628	350	28	109	7							
